Method Name;Cyclomatic Complexity;Mutant Density;Source Lines of Code
ResourceLoaderClassLoadHelper.loadClass( String name , Class < T > clazz );2;0;3
ResourceLoaderClassLoadHelper.getClassLoader( );1;2;6
ResourceLoaderClassLoadHelper.loadClass( String name );1;1;4
ResourceLoaderClassLoadHelper.ResourceLoaderClassLoadHelper( @ Nullable ResourceLoader resourceLoader );1;0;3
ResourceLoaderClassLoadHelper.initialize( );3;2;8
ResourceLoaderClassLoadHelper.getResourceAsStream( String name );4;1;18
ResourceLoaderClassLoadHelper.ResourceLoaderClassLoadHelper( );1;0;2
ResourceLoaderClassLoadHelper.getResource( String name );4;1;18