Method Name;Cyclomatic Complexity;Mutant Density;Source Lines of Code
FileUserMetaDataRepository.valueFile( String username , String key );1;0;6
FileUserMetaDataRepository.setAttribute( String username , Serializable value , String key );2;0;12
FileUserMetaDataRepository.fileSystemSafeName( String value , String suffix );4;9;15
FileUserMetaDataRepository.userDirectory( String username );3;2;11
FileUserMetaDataRepository.FileUserMetaDataRepository( final String baseDirectory );1;0;4
FileUserMetaDataRepository.getAttribute( String username , String key );4;0;20
FileUserMetaDataRepository.getBaseDirectory( );3;2;9
FileUserMetaDataRepository.fileSystemSafeName( String value );1;0;3
FileUserMetaDataRepository.clear( String username );2;0;8