Method Name;Cyclomatic Complexity;Mutant Density;Source Lines of Code
BindingBeanNameUrlHandlerMapping.getHandlerInternal( HttpServletRequest request );3;0;14