Method Name;Cyclomatic Complexity;Mutant Density;Source Lines of Code
ShutDownServiceAssemblyTask.doExecute( AdminCommandsServiceMBean acs );2;1;6
ShutDownServiceAssemblyTask.setName( String name );1;0;3
ShutDownServiceAssemblyTask.getName( );1;0;3