Method Name;Cyclomatic Complexity;Mutant Density;Source Lines of Code
PropertySetter.PropertySetter( Object obj );1;0;3
PropertySetter.introspect( );2;0;12
PropertySetter.setProperties( Properties properties , String prefix );4;2;17
PropertySetter.setProperties( Object obj , Properties properties , String prefix );1;0;3
PropertySetter.setProperty( String name , String value );4;2;23
PropertySetter.convertArg( String val , Class type );8;1;31
PropertySetter.getPropertyDescriptor( String name );4;3;14
PropertySetter.setProperty( PropertyDescriptor prop , String name , String value );6;3;34